
		mean	   median	sd	        2%	         97%	         P(>0)
parameter						
β[0]	65801.848901	65682.752627	49049.945087	-30294.917784	162127.706254	0.910200
β[1]	1.669002	1.666451	0.491445	0.704168	2.646306	0.999725
β[2]	252.482837	253.386087	176.210651	-95.958550	597.936310	0.924250
β[3]	9658.190726	9652.037813	4114.907905	1610.085565	17759.988182	0.990200
β[4]	12.784324	12.814062	13.996943	-14.670687	40.216537	0.820350
β[5]	5235.030579	5232.942888	1493.880454	2319.016985	8174.066945	0.999575
β[6]	-15110.732899	-15105.777335	5344.230454	-25698.170345	-4619.432851	0.002275
β[7]	-111.896847	-111.812236	15.614760	-142.497556	-81.323151	0.000000